Blade section properties
49	n_secs:	number of blade or tower sections at which properties are specified (-)

sec_loc	str_tw	tw_iner	mass_den	flp_iner	edge_iner	flp_stff	edge_stff	tor_stff	axial_stff	cg_offst	sc_offst	tc_offst
(-)	(deg)	(deg)	(kg/m)		(kg-m)		(kg-m)		(Nm^2)		(Nm^2)		(Nm^2)		(N)		(m)		(m)		(m)
0.00000	 13.202	 13.202	 678.93		  302.81	  289.60	1.81E+10	1.81E+10	6.16E+09	8.83E+09	0.00E+00	0.00E+00	0.00E+00
0.00325	 13.202	 13.202	 678.93		  302.81	  293.17	1.81E+10	1.81E+10	6.16E+09	8.83E+09	1.74E-02	-2.61E-03	0.00E+00
0.01951	 13.202	 13.202	 773.36		  344.92	  354.69	1.94E+10	1.96E+10	6.63E+09	1.01E+10	1.07E-01	-1.61E-02	0.00E+00
0.03577	 13.202	 13.202	 740.55		  330.29	  360.12	1.75E+10	1.95E+10	6.28E+09	9.63E+09	2.03E-01	-3.04E-02	0.00E+00
0.05203	 13.202	 13.202	 740.04		  330.06	  380.96	1.53E+10	1.98E+10	5.96E+09	9.62E+09	3.04E-01	-4.55E-02	0.00E+00
0.06829	 13.202	 13.202	 592.50		  264.25	  322.41	1.08E+10	1.49E+10	4.36E+09	7.70E+09	4.10E-01	-6.15E-02	0.00E+00
0.08455	 13.202	 13.202	 450.27		  117.07	  212.97	7.23E+09	1.02E+10	2.37E+09	5.85E+09	5.21E-01	-7.82E-02	0.00E+00
0.10081	 13.202	 13.202	 424.05		  110.25	  211.78	6.31E+09	9.14E+09	2.10E+09	5.51E+09	6.39E-01	-9.58E-02	0.00E+00
0.11707	 13.202	 13.202	 400.64		  104.17	  212.67	5.53E+09	8.06E+09	1.85E+09	5.21E+09	7.64E-01	-1.15E-01	0.00E+00
0.13335	 13.202	 13.202	 382.06		   56.16	  168.34	4.98E+09	6.88E+09	1.12E+09	4.97E+09	8.95E-01	-1.34E-01	0.00E+00
0.14959	 13.202	 13.202	 399.65		   58.75	  182.26	4.94E+09	7.01E+09	1.12E+09	5.20E+09	9.11E-01	-1.25E-01	0.00E+00
0.16585	 13.047	 13.047	 426.32		   62.67	  197.51	4.69E+09	7.17E+09	1.11E+09	5.54E+09	9.18E-01	-1.15E-01	0.00E+00
0.18211	 12.610	 12.610	 416.82		   61.27	  195.61	3.95E+09	7.27E+09	1.05E+09	5.42E+09	9.24E-01	-1.05E-01	0.00E+00
0.19837	 12.051	 12.051	 406.19		   14.22	  166.16	3.39E+09	7.08E+09	2.09E+08	5.28E+09	9.28E-01	-9.39E-02	0.00E+00
0.21465	 11.530	 11.530	 381.42		   13.35	  156.77	2.93E+09	6.24E+09	1.84E+08	4.96E+09	9.30E-01	-8.28E-02	0.00E+00
0.23089	 11.162	 11.162	 352.82		   12.35	  144.62	2.57E+09	5.05E+09	1.52E+08	4.59E+09	9.29E-01	-7.14E-02	0.00E+00
0.24715	 10.840	 10.840	 349.48		   12.23	  141.00	2.39E+09	4.95E+09	1.47E+08	4.54E+09	9.22E-01	-5.96E-02	0.00E+00
0.26341	 10.539	 10.539	 346.54		   12.13	  136.49	2.27E+09	4.81E+09	1.42E+08	4.50E+09	9.11E-01	-4.78E-02	0.00E+00
0.29595	  9.964	  9.964	 339.33		   11.88	  127.26	2.05E+09	4.50E+09	1.31E+08	4.41E+09	8.89E-01	-2.49E-02	0.00E+00
0.32846	  9.428	  9.428	 330.00		    8.91	  106.05	1.83E+09	4.24E+09	1.28E+08	4.29E+09	8.70E-01	-3.19E-03	0.00E+00
0.36098	  8.896	  8.896	 321.99		    8.69	   98.75	1.59E+09	4.00E+09	1.17E+08	4.19E+09	8.49E-01	1.76E-02	0.00E+00
0.39350	  8.336	  8.336	 313.82		    8.47	   91.34	1.36E+09	3.75E+09	1.07E+08	4.08E+09	8.28E-01	3.73E-02	0.00E+00
0.42602	  7.763	  7.763	 294.73		    4.13	   66.75	1.10E+09	3.45E+09	1.14E+08	3.83E+09	8.04E-01	5.59E-02	0.00E+00
0.45855	  7.180	  7.180	 287.12		    4.02	   61.22	8.76E+08	3.14E+09	1.00E+08	3.73E+09	7.80E-01	7.33E-02	0.00E+00
0.49106	  6.595	  6.595	 263.34		    3.69	   52.70	6.81E+08	2.73E+09	8.54E+07	3.42E+09	7.56E-01	8.94E-02	0.00E+00
0.52358	  6.033	  6.033	 253.21		    3.54	   47.59	5.35E+08	2.55E+09	7.72E+07	3.29E+09	7.33E-01	1.05E-01	0.00E+00
0.55610	  5.485	  5.485	 241.67		    2.42	   45.68	4.09E+08	2.33E+09	6.86E+07	3.14E+09	7.10E-01	1.19E-01	0.00E+00
0.58862	  4.934	  4.934	 220.64		    2.21	   39.06	3.15E+08	1.83E+09	5.36E+07	2.87E+09	6.87E-01	1.32E-01	0.00E+00
0.62115	  4.383	  4.383	 200.29		    2.00	   33.13	2.39E+08	1.58E+09	4.56E+07	2.60E+09	6.64E-01	1.43E-01	0.00E+00
0.65366	  3.855	  3.855	 179.40		    1.79	   27.66	1.76E+08	1.32E+09	3.75E+07	2.33E+09	6.41E-01	1.54E-01	0.00E+00
0.68618	  3.346	  3.346	 165.09		    0.66	   28.40	1.26E+08	1.18E+09	2.88E+07	2.15E+09	6.18E-01	1.64E-01	0.00E+00
0.71870	  2.899	  2.899	 154.41		    0.62	   24.63	1.07E+08	1.02E+09	2.48E+07	2.01E+09	5.95E-01	1.72E-01	0.00E+00
0.75122	  2.523	  2.523	 138.94		    0.56	   20.49	9.09E+07	7.98E+08	1.96E+07	1.81E+09	5.72E-01	1.79E-01	0.00E+00
0.78376	  2.159	  2.159	 129.56		    0.52	   17.60	7.63E+07	7.10E+08	1.73E+07	1.68E+09	5.49E-01	1.86E-01	0.00E+00
0.81626	  1.790	  1.790	 107.26		    0.43	   13.38	6.11E+07	5.18E+08	1.27E+07	1.39E+09	5.27E-01	1.91E-01	0.00E+00
0.84878	  1.421	  1.421	  98.78		    0.40	   11.27	4.95E+07	4.55E+08	1.11E+07	1.28E+09	5.04E-01	1.95E-01	0.00E+00
0.88130	  1.046	  1.046	  90.25		    0.36	    9.42	3.94E+07	3.95E+08	9.56E+06	1.17E+09	4.82E-01	1.98E-01	0.00E+00
0.89756	  0.862	  0.862	  83.00		    0.33	    8.25	3.47E+07	3.54E+08	8.54E+06	1.08E+09	4.70E-01	1.99E-01	0.00E+00
0.91382	  0.680	  0.680	  72.91		    0.29	    6.85	3.04E+07	3.05E+08	7.37E+06	9.48E+08	4.57E-01	1.99E-01	0.00E+00
0.93008	  0.491	  0.491	  68.77		    0.28	    6.09	2.65E+07	2.81E+08	6.77E+06	8.94E+08	4.44E-01	1.99E-01	0.00E+00
0.93821	  0.403	  0.403	  66.26		    0.27	    5.67	2.38E+07	2.62E+08	6.28E+06	8.61E+08	4.36E-01	1.98E-01	0.00E+00
0.94636	  0.323	  0.323	  59.34		    0.24	    4.86	1.96E+07	1.59E+08	3.93E+06	7.71E+08	4.27E-01	1.96E-01	0.00E+00
0.95447	  0.257	  0.257	  55.91		    0.22	    4.35	1.60E+07	1.38E+08	3.39E+06	7.27E+08	4.16E-01	1.94E-01	0.00E+00
0.96260	  0.199	  0.199	  52.48		    0.21	    3.79	1.28E+07	1.19E+08	2.90E+06	6.82E+08	4.01E-01	1.89E-01	0.00E+00
0.97073	  0.145	  0.145	  49.11		    0.20	    3.21	1.01E+07	1.02E+08	2.46E+06	6.38E+08	3.81E-01	1.82E-01	0.00E+00
0.97886	  0.096	  0.096	  45.82		    0.18	    2.64	7.55E+06	8.51E+07	2.04E+06	5.96E+08	3.58E-01	1.73E-01	0.00E+00
0.98699	  0.053	  0.053	  41.67		    0.17	    2.06	4.60E+06	6.43E+07	1.51E+06	5.42E+08	3.31E-01	1.62E-01	0.00E+00
0.99512	  0.017	  0.017	  11.45		    0.05	    0.47	2.50E+05	6.61E+06	1.51E+05	1.49E+08	3.02E-01	1.50E-01	0.00E+00
1.00000	  0.000	  0.000	  10.32		    0.04	    0.37	1.70E+05	5.01E+06	1.14E+05	1.34E+08	2.84E-01	1.42E-01	0.00E+00
